reach_id	Distance	Elevation
659	0	188.9738312
659	24.09835852	187.8788605
659	72.29507555	186.3480377
659	96.39343407	181.5740662
659	120.4917926	185.5533905
659	144.5901511	179.9999847
659	168.6885096	179.7707214
659	1180.819567	203.5693817
660	0	205.6468353
660	193.0651003	194.1712799
660	228.1678458	190.5635223
660	245.7192186	190.2114868
660	263.2705913	190.0114899
660	280.8219641	192.6228638
660	315.9247096	193.6551056
660	860.017265	205.1399231
661	0	203.0354156
661	806.5178508	195.5051575
661	868.5576854	198.7221069
661	899.5776028	196.3530426
661	1054.677189	198.2245178
661	1271.816611	194.7135315
661	1426.916197	192.3537292
661	1519.975949	192.7412872
662	0	205.0096893
662	240.3948117	189.4967651
662	257.5658696	182.1543427
662	274.7369276	177.9558563
662	291.9079856	177.7558594
662	309.0790436	183.3559265
662	343.4211595	177.1905212
662	841.3818408	174.0414429
663	0	193.3142242
663	3755.102041	197.3797607
663	3918.367347	190.7904205
663	4081.632653	182.5047455
663	4244.897959	197.5754547
663	4408.163265	198.719162
663	4571.428571	198.0335541
663	8000	197.2053833
664	0	195.2920532
664	13.65753238	195.0130463
664	16.38903886	195.0130463
664	21.85205181	197.4130554
664	30.04657124	202.0130463
664	35.5095842	203.0130463
664	43.70410363	204.9764099
664	133.8438174	207.2129364
666	0	205.0974274
666	1795.585705	205.4789581
666	1837.343512	205.3344879
666	1879.101319	202.7336578
666	1920.859126	190.3273926
666	1962.616933	190.664978
666	2004.37474	197.1077423
666	2046.132548	205.1692505
668	0	206.1862793
668	3591.836735	210.4876709
668	3755.102041	212.1089172
668	3918.367347	206.7609863
668	4081.632653	210.7535248
668	4244.897959	198.3620453
668	4408.163265	213.4828949
668	8000	219.1941986
671	0	210.4970856
671	393.7165289	202.4279938
671	416.8763247	202.3321228
671	440.0361205	203.3321228
671	463.1959163	202.7072449
671	509.5155079	205.0469818
671	532.6753038	205.8199158
671	1134.829995	212.634552
675	0	208.547699
675	306.7649625	205.7637329
675	340.8499584	197.520874
675	374.9349542	195.0969849
675	409.01995	204.4714355
675	443.1049459	205.0003662
675	477.1899417	206.3483276
675	1670.164796	210.7921448
676	0	209.4179077
676	68.85185264	204.7741699
676	82.62222316	203.5973969
676	151.4740758	204.3018036
676	165.2444463	203.7018127
676	179.0148169	204.7290497
676	206.5555579	207.1452179
676	674.7481558	208.9880066
679	0	201.8426819
679	276.3197997	202.165802
679	326.5597633	200.8285828
679	351.6797451	193.2825165
679	376.7997269	193.1091309
679	401.9197087	195.0448151
679	427.0396905	197.6275024
679	1230.879108	207.1499481
680	0	205.1322937
680	73.17310471	202.4146423
680	86.08600555	201.7031555
680	150.6505097	201.2601776
680	154.95481	201.2601776
680	172.1720111	201.6682739
680	176.4763114	201.0682678
680	210.9107136	200.9491425
682	0	199.7553101
682	9.017552449	201.624054
682	18.0351049	199.5756836
682	27.05265735	197.3756866
682	72.14041959	194.4478607
682	81.15797204	194.4478607
682	117.2281818	198.5052795
682	441.86007	206.3553162
683	0	204.0207672
683	727.9476654	191.8813171
683	745.7024865	192.481308
683	781.2121287	192.6866608
683	816.7217709	192.49617
683	834.476592	192.2961578
683	852.2314131	192.2395935
683	869.9862342	192.8395996
685	0	207.1890259
685	429.0748434	205.8837738
685	443.8705277	205.0837708
685	458.6662119	204.279129
685	473.4618962	204.0791321
685	680.6014758	203.5037384
685	695.39716	203.3037415
685	724.9885285	204.6478882
686	0	204.5671997
686	83.43525938	201.0796051
686	91.77878532	202.2796021
686	100.1223113	202.8796082
686	250.3057781	207.1792603
686	266.99283	201.7792664
686	350.4280894	207.2174988
686	408.832771	207.1330414
688	0	181.569397
688	62.51505786	184.3835297
688	71.44578041	182.5835419
688	89.30722551	180.5835419
688	133.9608383	179.3831024
688	142.8915608	179.5291748
688	205.4066187	185.4860992
688	437.605405	197.4081116
689	0	174.4899902
689	3591.836735	3.40E+23
689	3755.102041	3.40E+23
689	3918.367347	173.1600037
689	4081.632653	173.1600037
689	4244.897959	3.40E+23
689	4408.163265	3.40E+23
689	8000	3.40E+23
690	0	3.40E+23
690	163.2653061	3.40E+23
690	326.5306122	173.1600037
690	489.7959184	174.9600067
690	653.0612245	185.1256561
690	816.3265306	186.1953278
690	979.5918367	187.0403137
690	4244.897959	184.9598694
691	0	3.40E+23
691	163.2653061	3.40E+23
691	326.5306122	3.40E+23
691	489.7959184	173.1600037
691	653.0612245	173.1600037
691	816.3265306	174.6345978
691	979.5918367	174.5138855
691	4571.428571	184.6877899
692	0	173.1600037
692	99.1434182	173.1600037
692	111.5363455	173.1600037
692	185.8939091	173.1600037
692	198.2868364	173.1600037
692	433.7524546	173.5599976
692	446.1453819	173.1600037
692	607.2534365	174.7555542
693	0	174.1100006
693	0.059772734	174.1100006
693	0.119545468	174.1100006
693	0.179318202	174.1100006
693	0.239090936	174.1100006
693	1.195454681	174.1100006
693	1.255227415	174.1100006
693	2.928863969	174.1100006
694	0	175.024704
694	156.0137848	174.6947327
694	174.0153753	174.4837341
694	234.0206772	174.2400055
694	240.0212074	174.2400055
694	246.0217375	174.2400055
694	270.0238583	174.5028687
694	294.025979	175.1028748
696	0	183.0105438
696	727.3538985	182.2035522
696	744.6718485	180.2926636
696	761.9897984	176.8795166
696	779.3077484	174.8860168
696	813.9436483	174.9382629
696	831.2615983	174.738266
696	848.5795483	175.1382599
697	0	196.7245483
697	405.0796806	176.3963165
697	434.0139435	176.3610077
697	462.9482064	179.4207306
697	491.8824693	178.0800018
697	520.8167322	176.2799988
697	549.7509951	176.9596558
697	1417.778882	197.3356628
702	0	196.7296448
702	1877.424036	188.7557373
702	1922.124609	195.600708
702	1966.825181	194.2848053
702	2011.525753	184.6582336
702	2056.226326	189.274292
702	2100.926898	200.0768585
702	2190.328042	193.8291016
708	0	201.8183746
708	152.2215536	200.3919678
708	177.5918126	198.4796753
708	241.0174599	197.756424
708	253.7025894	197.7585907
708	380.5538841	198.4500275
708	393.2390135	199.0863953
708	621.571344	201.6316986
709	0	202.4221191
709	6.994247615	201.8221283
709	27.97699046	201.2651215
709	34.97123807	200.6651154
709	41.96548569	200.685791
709	83.93097138	199.3403625
709	111.9079618	199.0702362
709	342.7181331	203.3203888
710	0	175.0428772
710	273.3706191	174.1999969
710	279.7280753	174.1999969
710	286.0855316	174.1999969
710	292.4429879	174.8000031
710	298.8004441	175
710	305.1579004	174.6438141
710	311.5153566	174.6438141
711	0	193.516098
711	254.5479307	178.5554199
711	268.6894824	178.9554291
711	311.1141375	178.9054108
711	318.1849134	178.7053986
711	332.3264651	179.3943024
711	339.3972409	180.3943024
711	346.4680168	184.1083984
712	0	174.6793976
712	11.63306158	174.4794006
712	23.26612316	174.8733673
712	34.89918474	174.6733704
712	46.53224633	174.6733704
712	58.16530791	174.6309814
712	69.79836949	174.4309845
712	570.0200175	179.6042938
713	0	203.1109009
713	2070.272512	184.6849365
713	2118.418385	184.1261902
713	2166.564257	184.4904327
713	2214.71013	184.852478
713	2262.856002	194.5034332
713	2311.001874	197.475174
713	2359.147747	197.9075012
716	0	174.2899933
716	3591.836735	3.40E+23
716	3755.102041	173.1600037
716	3918.367347	173.1600037
716	4081.632653	173.1600037
716	4244.897959	3.40E+23
716	4408.163265	3.40E+23
716	8000	3.40E+23
717	0	191.0904083
717	3102.040816	184.2467651
717	3265.306122	184.127121
717	3428.571429	185.3836517
717	3591.836735	183.3395386
717	3755.102041	174.5599976
717	3918.367347	173.1600037
717	4081.632653	173.1600037
719	0	204.8613892
719	1320.693388	194.6211548
719	1351.407188	194.1070099
719	1382.120988	193.8791656
719	1412.834788	193.4289703
719	1443.548587	192.7818298
719	1474.262387	193.4045105
719	1504.976187	196.6516724
720	0	200.673111
720	3428.571429	188.5150146
720	3591.836735	187.8127594
720	3755.102041	186.9024963
720	3918.367347	173.1600037
720	4081.632653	173.1600037
720	4244.897959	3.40E+23
720	4408.163265	3.40E+23
5	0	256.5488892
5	992.9077031	251.9742432
5	1015.99858	252.3742523
5	1039.089457	252.2367096
5	1062.180334	251.8045807
5	1085.27121	252.4277344
5	1108.362087	252.0596771
5	1131.452964	252.4328461
6	0	257.2563477
6	55.58834075	255.4413605
6	111.1766815	254.5151825
6	166.7650223	254.9114227
6	222.353363	256.3976135
6	277.9417038	258.5783691
6	333.5300445	258.6741638
6	2723.828697	260.7341309
7	0	264.5252991
7	480.8780424	257.7626343
7	492.6067751	256.1626282
7	516.0642406	257.7130127
7	539.5217061	256.9985962
7	551.2504388	256.0325623
7	562.9791716	256.6325684
7	574.7079043	257.2325439
12	0	261.8273621
12	22.22243831	261.7261658
12	44.44487662	261.4887085
12	66.66731493	261.2887268
12	88.88975324	261.3249207
12	111.1121916	261.1348877
12	133.3346299	261.1348877
12	1088.899477	269.6462402
13	0	261.412323
13	322.1138693	257.5492859
13	357.9042993	257.4824829
13	393.6947292	256.3427429
13	429.4851591	257.5969849
13	465.275589	257.8317261
13	536.8564489	257.6406555
13	1753.731066	268.3118591
20	0	266.4083252
20	2648.271851	254.0042572
20	2709.859568	254.4774017
20	2771.447286	253.6200104
20	2833.035003	252.9896545
20	2894.622721	254.3122101
20	2956.210438	254.2651825
20	3017.798156	255.1149445
22	0	269.7651367
22	2347.309797	255.0803375
22	2412.512847	254.1352844
22	2477.715897	253.3762665
22	2542.918947	254.7122192
22	2673.325047	255.244873
22	2738.528097	254.1856079
22	3194.949446	261.2124023
37	0	248.4598083
37	675.2605054	241.8167572
37	700.2701537	242.6860962
37	800.3087471	241.3043671
37	825.3183955	241.504364
37	850.3280438	242.1135864
37	875.3376921	245.1341705
37	1225.472769	245.7896576
38	0	252.1164398
38	1257.122966	242.7008514
38	1293.040765	242.6429291
38	1328.958564	241.7645264
38	1364.876363	242.5931549
38	1400.794162	243.0691071
38	1436.711961	242.9982147
38	1724.054353	245.7288361
47	0	244.5005798
47	40.41354695	244.6559448
47	47.38139988	244.055954
47	57.13639397	243.6933441
47	58.52996455	243.6933441
47	59.92353514	243.6933441
47	61.31710572	244.0933533
47	68.28495865	243.8933411
50	0	262.7097168
50	179.962364	255.9214325
50	184.1475353	255.9214325
50	188.3327066	255.9214325
50	192.5178778	256.3214417
50	196.7030491	256.3214417
50	200.8882203	256.7214355
50	205.0733916	256.4300842
59	0	269.1372681
59	8.349456068	268.537262
59	25.0483682	268.8873291
59	50.09673641	268.5942078
59	83.49456068	268.8427124
59	91.84401675	268.2427368
59	100.1934728	269.0892334
59	409.1233473	276.3226929
60	0	272.9905701
60	17.02931012	272.8701172
60	34.05862024	272.8701172
60	51.08793036	272.6859741
60	68.11724048	272.7558289
60	85.14655061	272.9706116
60	102.1758607	274.5706177
60	834.4361959	275.7379761
61	0	245.2391663
61	14.19496028	244.8391571
61	22.08104932	244.6391602
61	28.38992055	244.8391571
61	56.77984111	244.6166687
61	63.08871234	244.6166687
61	64.66593015	244.6166687
61	77.28367262	244.8166656
67	0	245.9093475
67	107.680762	244.6851196
67	148.0610477	244.0723114
67	188.4413335	243.5450134
67	201.9014287	243.7470245
67	242.2817145	245.2192688
67	269.201905	246.0992126
67	659.5446672	247.2503357
70	0	286.02948
70	1422.097226	273.3590393
70	1455.169254	273.2840576
70	1488.241283	273.2668457
70	1521.313311	273.3356934
70	1554.38534	273.3357239
70	1587.457368	273.5669861
70	1620.529397	273.5863953
90	0	204.029892
90	179.222522	200.6829224
90	209.0929423	200.6829224
90	238.9633626	201.3799896
90	268.8337829	206.5260315
90	298.7042033	210.5260315
90	328.5746236	209.4117432
90	1463.650596	216.3817444
91	0	220.1957397
91	622.5319168	207.2793732
91	679.1257274	206.351593
91	735.719538	205.8898163
91	792.3133486	206.3997498
91	848.9071592	207.9859161
91	905.5009698	210.6804504
91	2773.09672	221.2012024
92	0	221.433075
92	889.3057611	214.4761963
92	952.8276012	213.7589722
92	1016.349441	213.0715637
92	1079.871281	213.3266449
92	1143.393121	213.694519
92	1206.914961	214.2395935
92	3112.570164	225.0055847
93	0	221.8240509
93	628.3020813	214.8385315
93	650.7414414	214.1321564
93	718.0595215	213.8554993
93	740.4988815	213.7889557
93	762.9382416	213.9889526
93	785.3776016	213.7022247
93	1099.528642	221.4386139
94	0	215.8504181
94	5.916363468	215.4504242
94	11.83272694	215.619278
94	17.74909041	215.619278
94	35.49818081	215.4680939
94	106.4945424	215.3405457
94	153.8254502	215.9084015
94	289.9018099	220.2793732
98	0	224.1429596
98	0.661646787	224.1429596
98	1.323293573	224.1429596
98	11.24799537	223.8947906
98	18.52611003	223.4947815
98	21.83434396	224.0947876
98	25.80422468	223.8502502
98	32.42069255	224.2502594
99	0	233.3328705
99	0.432904642	233.3328705
99	0.865809285	233.3328705
99	1.298713927	233.3328705
99	1.73161857	233.3328705
99	7.359378921	233.3723297
99	8.658092848	233.5723419
99	21.21232748	233.5723419
100	0	238.4428253
100	526.5591856	228.7904816
100	557.5332553	224.7471924
100	588.5073251	225.6792297
100	619.4813948	226.1964569
100	650.4554645	226.3964539
100	681.4295343	228.3153076
100	1517.729417	239.5511627
101	0	241.9326477
101	751.8248386	232.2062836
101	814.4769085	228.0525055
101	877.1289784	228.3216095
101	939.7810483	234.6177368
101	1002.433118	231.57724
101	1065.085188	237.0827484
101	3069.951424	247.9216003
102	0	229.1317902
102	50.91756168	228.8236084
102	101.8351234	229.3369141
102	152.752685	229.4606934
102	203.6702467	231.3680573
102	254.5878084	237.9400024
102	305.5053701	237.2156677
102	2494.960522	246.7569885
103	0	245.0738373
103	874.9002856	243.4764709
103	895.2468038	243.5337677
103	915.5933221	243.5137177
103	935.9398404	243.5432281
103	956.2863587	243.7168732
103	976.6328769	243.7226563
103	996.9793952	244.1226501
104	0	240.4241486
104	393.7692796	229.8717194
104	416.9321784	231.4717255
104	440.0950772	231.519104
104	509.5837736	229.9092102
104	532.7466724	231.1223907
104	648.5611664	231.0253296
104	1134.982041	240.6180573
110	0	260.9125366
110	513.0917826	246.5561218
110	603.6373913	234.8050079
110	633.8192609	226.922348
110	694.183	227.0322418
110	724.3648696	224.6299896
110	754.5467391	233.1707764
110	1478.911609	255.9332733
111	0	245.7037811
111	120.6080548	241.219635
111	128.6485918	235.4638824
111	136.6891287	231.4638824
111	144.7296657	227.822998
111	152.7702027	225.6230011
111	160.8107397	225.6212463
111	393.9863122	243.7204437
112	0	228.7136993
112	0.492710011	228.9136963
112	7.390650159	227.2196045
112	15.27401033	227.2196045
112	15.76672034	227.2196045
112	17.24485037	227.6196136
112	21.67924047	228.8196106
112	24.14279052	228.8196106
114	0	227.3864594
114	0.408156807	227.1864624
114	5.306038492	226.9864502
114	10.20392018	225.7542572
114	15.10180186	225.3542633
114	17.1425859	225.3542633
114	17.5507427	225.3542633
114	19.99968355	225.3542633
117	0	248.1556702
117	1007.908832	237.5744476
117	1060.956665	233.782608
117	1114.004498	232.1622772
117	1140.528415	232.5142365
117	1220.100165	237.0830994
117	1246.624082	241.4427032
117	1299.671915	242.5561676
135	0	240.0475464
135	97.83068361	237.8547058
135	102.0841916	233.314682
135	106.3376996	233.314682
135	110.5912076	233.9146729
135	123.3517315	233.7146759
135	144.6192714	239.0826569
135	208.4218912	240.2422485
136	0	244.8313904
136	810.8051915	246.708252
136	853.479149	246.0563202
136	896.1531064	233.3500061
136	938.8270638	231.5500031
136	981.5010213	234.1414795
136	1024.174979	245.6843262
136	2091.023915	246.5627899
138	0	235.6327362
138	309.8067979	228.9600067
138	323.8889251	230.3600006
138	337.9710523	229.5600128
138	366.1353066	228.9600067
138	380.2174338	228.9600067
138	422.4638153	230.2479706
138	690.0242317	243.0522156
179	0	240.8240662
179	392.0346132	230.7115173
179	415.0954728	231.0961761
179	530.3997708	230.7231293
179	553.4606304	232.9231262
179	622.6432092	231.3422089
179	645.7040688	230.4755402
179	1129.98212	240.6538544
180	0	246.660965
180	345.4931031	229.9087219
180	361.9451556	230.7806854
180	378.3972081	230.3806763
180	394.8492607	228.9600067
180	427.7533657	228.9600067
180	444.2054182	228.9600067
180	806.1505738	229.9812164
183	0	236.531662
183	1459.82016	234.5515747
183	1493.769466	234.498642
183	1527.718772	235.0457306
183	1561.668079	236.2758026
183	1595.617385	235.4757996
183	1629.566691	236.2332916
183	1663.515997	236.454483
184	0	239.3750153
184	21.93607004	238.9256439
184	32.90410505	237.585556
184	43.87214007	238.1855469
184	54.84017509	238.4795837
184	76.77624513	237.6226501
184	87.74428014	239.022644
184	537.4337159	241.5908051
185	0	261.7892456
185	681.9113489	241.3669281
185	762.1362135	232.769165
185	782.1924296	231.3362427
185	802.2486457	230.3362427
185	842.361078	237.9953308
185	862.4172942	244.5953369
185	982.754591	244.5833893
200	0	246.1982117
200	569.6242339	246.3087921
200	640.8272631	242.7347412
200	658.6280204	238.9300079
200	676.4287777	240.1300049
200	694.2295351	243.2505646
200	712.0302924	243.3276978
200	872.2371082	245.3675385
207	0	234.750061
207	81.98980846	235.2023163
207	163.9796169	234.8544159
207	245.9694254	235.3012848
207	327.9592338	236.5922241
207	409.9490423	236.8022156
207	491.9388508	236.7605286
207	4017.500615	255.5605469
213	0	237.5838165
213	84.94909606	236.1325226
213	169.8981921	236.6889191
213	254.8472882	235.2064819
213	339.7963842	237.47995
213	424.7454803	237.2184753
213	509.6945763	237.9887085
213	4162.505707	255.57547
237	0	198.9880371
237	464.4997499	195.6841583
237	500.2304999	195.2841492
237	535.9612498	192.9700012
237	571.6919998	192.3699951
237	607.4227498	192.2516785
237	643.1534998	192.1888733
237	1750.806749	202.2852783
238	0	201.960968
238	70.22312555	200.5630951
238	140.4462511	193.5253448
238	175.5578139	194.2452393
238	351.1156277	192.8600006
238	632.0081299	193.5437469
238	737.3428182	201.3497162
238	1720.466576	203.9515228
242	0	234.9406281
242	784.7537298	209.8238831
242	882.8479461	209.3316193
242	915.5460181	207.5457764
242	948.2440902	205.631134
242	980.9421623	206.831131
242	1013.640234	210.9098663
242	1602.205532	233.3855591
243	0	233.1882477
243	24.26144474	230.5858307
243	48.52288948	229.6617584
243	72.78433422	230.6453705
243	97.04577896	230.6350708
243	121.3072237	230.4350739
243	145.5686684	230.5175781
243	1188.810792	241.711731
244	0	232.3331604
244	285.7097649	213.2265778
244	307.1379973	210.6265869
244	321.4234856	211.4029694
244	328.5662297	209.4029694
244	335.7089738	208.6029663
244	342.8517179	208.4029694
244	349.9944621	208.4029694
245	0	235.1645508
245	1345.50623	227.2101288
245	1416.322347	226.5452423
245	1487.138465	223.4683838
245	1557.954582	212.8808289
245	1628.770699	224.5658112
245	1699.586817	225.929718
245	3399.173633	242.8909607
246	0	235.329895
246	1343.55017	227.2589722
246	1414.263336	227.2990112
246	1484.976503	214.1906891
246	1555.68967	213.4106903
246	1626.402837	222.5990601
246	1697.116004	220.5012512
246	3464.945174	243.3415527
247	0	218.7238007
247	11.02023379	217.7345734
247	16.53035069	217.3345642
247	55.10116895	216.3699951
247	62.44799148	216.3699951
247	64.28469711	216.3699951
247	66.12140274	218.1357574
247	89.99857596	217.1357574
248	0	234.5086212
248	314.2807414	220.9475098
248	345.7088156	221.0607758
248	377.1368897	221.5540619
248	439.993038	219.361084
248	471.4211122	227.0251312
248	502.8491863	228.6138
248	1539.975633	236.8603058
256	0	200.4600067
256	43.67277836	202.9167328
256	87.34555671	203.0300903
256	131.0183351	203.0581665
256	174.6911134	202.8167725
256	218.3638918	203.757431
256	262.0366701	205.6040344
256	2139.966139	240.0119019
268	0	222.9600067
268	21.32619317	219.9600067
268	23.264938	219.9600067
268	36.83615184	222.5800018
268	75.61104851	227.8518829
268	81.42728301	232.8518829
268	85.30477268	235.2518768
268	94.99849684	237.7799225
270	0	217.5829773
270	496.1398723	211.9931641
270	511.1744139	211.5931549
270	541.2434971	212.5054321
270	556.2780387	210.0812531
270	571.3125803	212.9570007
270	586.3471218	215.0642395
270	736.6925377	215.6281891
271	0	224.1917877
271	152.4543334	219.6010895
271	203.2724445	217.4608612
271	228.6815	217.2137756
271	254.0905556	215.4137726
271	279.4996112	215.8186646
271	304.9086667	215.8535919
271	1245.043722	223.4926605
272	0	215.9174805
272	19.79661357	215.9134369
272	39.59322714	216.0383759
272	59.38984071	216.2383881
272	79.18645427	216.2578125
272	98.98306784	216.3588257
272	118.7796814	216.4785309
272	970.0340649	223.2752991
274	0	220.0576477
274	17.34754797	217.7258453
274	20.81705757	216.9258423
274	27.75607676	216.5258331
274	62.4511727	215.9956055
274	65.92068229	215.5956116
274	83.26823027	215.7618713
274	170.0059701	216.4578094
277	0	200.1926117
277	1794.850301	186.2230225
277	1856.741691	185.2103424
277	1918.63308	184.8000031
277	1980.52447	191.8066864
277	2042.41586	192.7023315
277	2104.307249	192.0646362
277	3032.678095	199.2757721
285	0	200.2797394
285	262.2240136	196.9819946
285	305.9280159	193.8597717
285	349.6320181	193.1600037
285	393.3360204	193.1600037
285	437.0400227	193.3950348
285	480.7440249	193.388092
285	2141.496111	203.2567902
295	0	213.9623108
295	279.2519442	213.9199219
295	285.7461755	213.9199219
295	292.2404067	213.9199219
295	298.734638	213.9199219
295	305.2288693	213.7199249
295	311.7231005	213.9199219
295	318.2173318	213.9199219
296	0	214.4264679
296	447.7303904	211.8842163
296	485.0412563	212.4783325
296	522.3521222	210.1687622
296	559.662988	210.4797363
296	596.9738539	210.4514923
296	634.2847198	216.5752258
296	1828.232428	233.0363617
297	0	211.7633514
297	14.72025752	211.3633575
297	19.91564253	211.3633575
297	20.78154003	210.7000885
297	21.64743754	210.9001007
297	27.70872005	211.5000916
297	35.50179756	211.8931732
297	42.42897757	211.8931732
298	0	201.429718
298	667.8465756	188.5154724
298	707.1316682	188.1411133
298	746.4167609	188.6646271
298	785.7018536	188.5611267
298	824.9869463	197.765213
298	864.272039	197.5113983
298	1924.969541	202.6779785
299	0	204.4268951
299	571.3967061	192.4435425
299	615.3502989	190.6446991
299	659.3038917	190.8640137
299	703.2574845	190.694809
299	747.2110772	196.4159546
299	791.16467	196.9438171
299	2153.726046	203.0971375
301	0	204.3487549
301	2211.249392	202.4066162
301	2262.673797	202.3700409
301	2314.098201	202.0348053
301	2365.522606	202.0567017
301	2416.94701	192.8795776
301	2468.371415	191.6842194
301	2519.795819	192.0227661
304	0	218.1804047
304	0.510196009	218.1804047
304	1.020392018	218.1804047
304	15.30588026	218.2106934
304	17.3466643	218.2106934
304	17.85686031	218.2106934
304	20.40784035	218.4106903
304	24.99960443	218.4106903
306	0	201.2497253
306	1673.395157	188.756958
306	1712.311324	188.3136749
306	1751.22749	187.8640594
306	1790.143656	186.280899
306	1829.059823	185.6799927
306	1867.975989	185.0800018
306	1906.892156	190.536087
307	0	196.5701294
307	2316.816054	201.9513092
307	2370.695497	202.3087463
307	2424.57494	202.0348053
307	2478.454383	202.1080475
307	2532.333826	199.5523224
307	2586.213269	192.9056854
307	2640.092713	192.0466309
308	0	218.6885071
308	0.330940184	218.8885193
308	0.661880369	218.8885193
308	6.94974387	218.7387238
308	10.92102608	219.419754
308	13.23760737	219.419754
308	13.56854755	219.419754
308	16.21606903	219.419754
311	0	227.0871887
311	1230.592773	217.4112701
311	1264.775906	216.5758057
311	1298.959038	215.737915
311	1333.142171	214.6569977
311	1367.325304	213.0765686
311	1401.508436	215.8250122
311	1674.973497	219.6423187
312	0	200.9447937
312	810.5386679	198.1049957
312	872.8877962	196.335907
312	935.2369245	191.7899933
312	997.5860528	193.2430267
312	1059.935181	193.0947723
312	1122.284309	193.0700836
312	3055.107287	201.4228363
315	0	235.7428894
315	600.6081086	216.25914
315	643.5086877	213.1927643
315	664.9589773	210.2225494
315	686.4092669	212.0046539
315	750.7601357	219.3640442
315	772.2104253	226.4494476
315	1051.06419	232.6244659
317	0	236.2230682
317	379.4567401	229.8261261
317	391.3147633	219.6261292
317	403.1727864	215.026123
317	438.7468558	215.0200043
317	450.6048789	215.0200043
317	498.0369714	223.1207581
317	581.0431333	225.9509125
318	0	191.6764832
318	0.8980935	191.2764893
318	13.47140249	192.022934
318	17.06377649	191.4229279
318	18.85996349	191.4229279
318	19.75805699	191.4229279
318	22.45233749	191.822937
318	44.00658148	192.2035675
320	0	211.2420349
320	166.2523203	203.4912109
320	176.6430903	204.291214
320	187.0338603	202.0327911
320	192.2292453	201.0327911
320	244.1830954	197.4041443
320	249.3784804	197.4274445
320	254.5738654	197.0274506
322	0	220.1404572
322	25.13323269	220.2471924
322	50.26646538	220.2471924
322	75.39969807	222.4242249
322	100.5329308	222.9929352
322	125.6661635	221.7014618
322	150.7993961	223.8740234
322	1231.528402	224.9040222
323	0	199.2826691
323	18.22417813	197.4395294
323	36.44835627	194.7341309
323	54.6725344	195.7097626
323	72.89671253	195.4753723
323	91.12089066	196.0753784
323	109.3450688	196.0298615
323	892.9847285	203.6841583
325	0	211.8645172
325	356.7939603	206.5106659
325	374.6336583	202.7787933
325	463.8321484	201.193985
325	481.6718464	201.193985
325	535.1909405	206.0270691
325	553.0306385	211.5992432
325	874.1452027	212.994278
328	0	219.0148468
328	9.490129185	219.0148468
328	12.65350558	218.8148499
328	15.81688197	219.0148468
328	31.63376395	218.6459808
328	34.79714034	218.6459808
328	37.96051674	219.0459747
328	155.0054434	220.3743134
329	0	218.8314972
329	675.4000486	206.3656769
329	712.9222735	208.3469849
329	750.4444985	203.826355
329	787.9667234	203.8026733
329	825.4889483	203.7351379
329	863.0111732	203.8130493
329	1838.589021	217.2609863
330	0	202.3982697
330	468.8113181	197.9443359
330	491.1356665	195.4476013
330	513.460015	194.6532898
330	535.7843635	193.9264679
330	558.108712	194.5690613
330	580.4330605	195.5690613
330	1093.893075	199.5228424
331	0	229.1179657
331	41.0900961	227.124939
331	54.7867948	221.3249359
331	61.63514415	217.9032593
331	116.4219389	219.0639496
331	150.6636857	218.6386414
331	157.512035	219.0386353
331	335.5691181	220.1836853
332	0	234.5286407
332	63.54027185	232.3837585
332	111.1954757	231.7318878
332	127.0805437	229.0338745
332	142.9656117	225.253418
332	158.8506796	224.5769653
332	190.6208156	231.9352417
332	778.3683302	241.0936737
334	0	221.3126068
334	5.745880285	220.9126129
334	7.95583424	220.9126129
334	8.397825031	220.9126129
334	11.04976978	221.3126068
334	15.0276869	221.1126099
334	16.35365927	221.4009094
334	21.65754877	221.4009094
335	0	214.7082672
335	1590.345525	207.1448364
335	1628.210895	201.1776733
335	1666.076265	200.8904877
335	1703.941634	203.3345947
335	1741.807004	205.1975708
335	1779.672373	207.0810089
335	1817.537743	209.2205963
337	0	234.3541565
337	522.3309314	232.7219238
337	554.9766146	230.1811829
337	587.6222978	230.5823822
337	620.267981	230.9823761
337	652.9136643	231.7819977
337	685.5593475	232.6404266
337	1566.992794	230.809906
341	0	237.4446564
341	1785.776997	231.7858276
341	1849.554747	230.2019958
341	1913.332497	231.7070313
341	1977.110247	231.983902
341	2040.887997	231.9364777
341	2104.665747	232.2560425
341	3125.109745	230.4835052
342	0	234.6414032
342	1323.040602	230.7039948
342	1386.042535	231.3731079
342	1449.044469	225.5479279
342	1512.046402	226.2050323
342	1575.048336	226.864624
342	1638.050269	228.204422
342	3087.094738	234.4909363
343	0	237.7476807
343	258.8866424	236.6776123
343	264.907262	236.8776093
343	270.9278816	236.8776093
343	276.9485012	237.0229187
343	282.9691207	237.2229156
343	288.9897403	237.2229156
343	295.0103599	237.2229156
344	0	234.7531128
344	1301.47306	231.8158722
344	1358.058845	231.8848114
344	1414.64463	230.7489471
344	1471.230415	231.6995544
344	1527.8162	232.7238617
344	1584.401986	233.1758728
344	2772.703475	241.6658325
345	0	235.5530396
345	91.91540562	234.9956818
345	110.2984867	235.1956787
345	183.8308112	235.2293243
345	202.2138924	235.2293243
345	257.3631357	235.6173248
345	294.129298	235.687027
345	900.7709751	236.652832
348	0	231.5992126
348	88.89880982	229.3883514
348	92.93966481	228.7883606
348	137.3890697	227.5715332
348	149.5116347	227.7715302
348	153.5524897	227.3715363
348	157.5933447	227.5715332
348	198.0018946	227.6437836
349	0	210.0022888
349	423.7207399	207.7940979
349	448.6454893	205.9513855
349	473.5702387	205.3341064
349	498.4949881	205.4711151
349	523.4197375	205.2738037
349	548.3444869	206.0737915
349	1221.312721	211.2049408
351	0	237.4243774
351	513.1694465	233.0937195
351	532.906733	231.2110748
351	552.6440194	228.8110657
351	572.3813058	228.1237183
351	592.1185922	228.3632965
351	631.593165	232.593811
351	967.1270339	236.4148712
357	0	238.0226746
357	2484.644635	231.0170135
357	2542.427069	231.2865295
357	2600.209502	232.9219208
357	2657.991935	229.12323
357	2715.774369	229.6911469
357	2773.556802	230.2039642
357	2831.339235	232.2524872
358	0	198.6999969
358	1972.686951	181.2692108
358	2040.710639	179.5971527
358	2380.829079	182.0574036
358	2448.852767	180.6113434
358	2516.876455	180.1426392
358	2584.900143	184.7681274
358	3333.16071	191.171402
363	0	181.0968018
363	484.7505292	177.7364502
363	515.0474373	176.8389282
363	545.3443453	174.8389282
363	575.6412534	175.5326385
363	605.9381615	174.9375
363	636.2350695	177.886673
363	1484.548496	184.1634521
365	0	214.8200073
365	0.144301548	214.8200073
365	0.288603096	214.8200073
365	0.432904644	214.8200073
365	0.577206192	214.8200073
365	1.875920124	214.8200073
365	2.020221672	214.8200073
365	7.070775852	214.8200073
366	0	174.6786804
366	24.18329082	175.2359467
366	48.36658164	175.273468
366	72.54987246	175.6135101
366	96.73316327	177.013504
366	120.9164541	177.6425171
366	145.0997449	178.6433868
366	1184.98125	183.1234894
367	0	237.3712616
367	532.506598	227.3712921
367	576.8821478	219.3739929
367	621.2576976	219.2025452
367	665.6332475	224.2353516
367	710.0087973	228.6194611
367	754.3843471	228.064209
367	2174.401942	235.3957062
372	0	204.6246033
372	711.2494669	197.9321136
372	728.5970148	197.4814911
372	763.2921108	197.8583527
372	780.6396588	194.8162231
372	797.9872067	194.8162231
372	815.3347547	194.9850616
372	850.0298506	195.3839417
373	0	234.557663
373	1079.153456	233.1885681
373	1135.951007	230.234375
373	1192.748557	228.4154205
373	1249.546107	223.2287445
373	1306.343658	234.7457581
373	1363.141208	234.1204987
373	2783.079967	235.2165833
374	0	240.4291687
374	48.77722312	239.6875916
374	97.55444624	239.2988281
374	146.3316694	238.8079529
374	195.1088925	238.7359772
374	243.8861156	238.5337067
374	292.6633387	238.2741089
374	2390.083933	239.1742401
381	0	178.8014526
381	12.20588245	179.0014496
381	24.4117649	179.2014618
381	36.61764735	178.8680267
381	48.82352981	178.6680298
381	61.02941226	178.366684
381	73.23529471	178.1666718
381	598.0882401	182.5820007
383	0	208.7301483
383	478.0877611	205.4302368
383	546.3860127	199.8422241
383	569.1520966	199.6422272
383	591.9181805	199.8252869
383	637.4503482	205.217392
383	682.9825159	208.3986816
383	1115.538109	210.1221008
385	0	178.8014526
385	12.14266501	179.0014496
385	24.28533002	179.2014618
385	36.42799503	178.8680267
385	48.57066004	178.6680298
385	60.71332505	178.366684
385	72.85599006	178.1666718
385	594.9905855	182.3870544
386	0	234.3822327
386	277.0714146	227.7000885
386	349.9849448	227.2402039
386	364.5676508	226.6401978
386	379.1503568	226.8401947
386	452.063887	232.673584
386	466.646593	233.8735962
386	714.5525956	235.6911926
387	0	234.4485474
387	17.11776991	232.8485413
387	24.60679424	231.8516541
387	28.88623672	230.2516632
387	36.37526105	229.2481079
387	50.2834491	228.8480988
387	51.35330972	228.8480988
387	52.42317034	228.8480988
393	0	178.4542847
393	0.059772734	178.4542847
393	0.119545468	178.4542847
393	0.179318202	178.4542847
393	0.239090936	178.4542847
393	1.195454681	178.4542847
393	1.255227415	178.4542847
393	2.928863969	178.4542847
394	0	233.7697144
394	65.1043271	233.8686981
394	100.6157782	233.6058655
394	130.2086542	233.7809143
394	136.1272294	231.7809143
394	139.086517	231.7809143
394	142.0458046	231.7809143
394	145.0050922	232.7809143
398	0	214.3812714
398	1100.258632	211.4096222
398	1148.095963	204.5400085
398	1195.933295	203.5547028
398	1243.770627	207.5638733
398	1291.607959	210.8455048
398	1339.445291	211.353714
398	2344.029259	215.8004913
400	0	241.9120331
400	67.54573869	241.6980591
400	135.0914774	241.3663788
400	202.6372161	240.4652405
400	270.1829548	240.4592743
400	337.7286934	240.8792877
400	405.2744321	240.9498291
400	3309.741196	238.4600525
410	0	231.8721619
410	758.3556299	230.5016632
410	776.4117163	230.9016724
410	794.4678028	230.2630463
410	812.5238892	229.4514923
410	830.5799756	228.9706116
410	848.636062	229.3706055
410	866.6921485	230.2131348
421	0	183.9924622
421	3.890179416	183.9924622
421	7.780358832	183.8114471
421	11.67053825	183.8114471
421	15.56071766	183.8114471
421	19.45089708	183.8114471
421	23.34107649	183.8114471
421	190.6187914	184.0421143
422	0	182.3601837
422	299.235235	174.3350372
422	390.3068283	173.7400055
422	403.3170559	173.7400055
422	416.3272835	173.7400055
422	455.3579663	175.1399994
422	481.3784216	176.1157532
422	637.5011529	180.0010529
423	0	192.1549377
423	1380.386321	175.46521
423	1416.712277	174.2876434
423	1453.038233	173.7400055
423	1489.364189	173.7400055
423	1525.690145	174.4992371
423	1562.016101	174.6574249
423	1779.971836	183.5709229
424	0	191.9384155
424	957.841987	178.72966
424	1003.45351	177.8967133
424	1049.065033	177.1654968
424	1094.676557	174.8988495
424	1140.28808	175.3015137
424	1185.899603	175.2738953
424	2234.964636	186.2709503
425	0	193.3746643
425	1811.833483	186.7017822
425	1853.969146	187.3921967
425	1896.104808	187.6369934
425	1938.240471	183.7400055
425	1980.376133	183.7400055
425	2022.511795	185.5400085
425	2064.647458	188.9992218
426	0	196.7714081
426	374.4155662	194.4267578
426	391.4344556	191.8113098
426	459.5100131	191.6722107
426	476.5289025	190.8699951
426	493.5477919	191.8600006
426	510.5666812	195.0561829
426	816.90669	199.6941681
439	0	193.7565918
439	39.7146403	191.60672
439	198.5732015	195.4285431
439	436.8610433	193.3614807
439	476.5756836	191.5700073
439	516.2903239	190.9700012
439	595.7196045	196.0591736
439	1946.017375	218.7069092
440	0	206.9468384
440	274.8936096	199.543808
440	320.7092111	191.7044373
440	412.3404143	192.5899963
440	458.1560159	192.5899963
440	503.9716175	192.8314972
440	549.7872191	195.0591736
440	2244.964478	229.2605591
441	0	211.3419495
441	2.974038657	211.3419495
441	5.948077313	211.3419495
441	8.92211597	211.3419495
441	11.89615463	211.3419495
441	14.87019328	211.3419495
441	17.84423194	211.1419525
441	145.7278942	212.6522522
442	0	192.8600006
442	0.662078353	193.0599976
442	1.324156705	193.0599976
442	11.25533199	191.8600006
442	18.53819387	191.8600006
442	19.20027222	191.8600006
442	27.14521245	193.262085
442	32.44183927	193.262085
443	0	218.276001
443	86.29232571	213.3451691
443	92.93019692	209.9451752
443	99.56806813	205.8899994
443	106.2059393	202.8899994
443	139.3952954	193.2900085
443	142.714231	192.6900024
443	162.6278446	192.7184906
445	0	199.6700134
445	10.81615539	197.8700104
445	27.04038847	197.8700104
445	86.5292431	208.0304565
445	91.93732079	210.4304657
445	97.34539848	217.2016754
445	102.7534762	220.4016876
445	264.995807	230.9424133
446	0	233.3666534
446	415.707708	214.6670837
446	514.6857337	199.8390045
446	534.4813388	201.7108917
446	633.4593646	210.0421753
446	653.2549697	216.2421722
446	673.0505748	226.3231506
446	969.984652	235.6039429
447	0	187.6891174
447	445.5176617	173.7100067
447	458.2467378	173.7100067
447	483.7048899	177.7100067
447	509.163042	182.2804565
447	521.892118	184.6804657
447	534.6211941	188.5132446
447	623.7247264	190.4126282
451	0	207.3145294
451	548.7183273	186.8152771
451	619.5206921	186.0092621
451	637.2212833	184.6092529
451	654.9218746	183.8099976
451	672.6224658	184.0100098
451	690.323057	183.9680176
451	867.328969	201.4169922
458	0	242.6689758
458	130.317574	239.6782074
458	133.3482152	239.6782074
458	136.3788565	239.8782196
458	139.4094977	239.8782196
458	142.440139	240.0782166
458	145.4707802	240.0782166
458	148.5014215	240.0782166
459	0	249.6539612
459	1376.344079	232.1937866
459	1457.305495	228.4737091
459	1538.266911	213.929245
459	1619.228328	214.1429291
459	1700.189744	225.7496033
459	1781.15116	223.3873138
459	3967.109403	238.6804047
460	0	222.992157
460	959.6676835	204.8629913
460	993.9415293	205.0629883
460	1028.215375	198.9311371
460	1062.489221	201.25
460	1096.763067	206.6267395
460	1131.036913	224.1967773
460	1679.418446	224.2319031
461	0	217.5038452
461	704.0639495	213.2265167
461	751.0015462	212.5030975
461	797.9391428	209.091568
461	844.8767395	207.5700073
461	891.8143361	213.8659515
461	938.7519327	215.7906494
461	2299.942235	233.5186768
463	0	231.706604
463	783.2632459	227.8081512
463	1272.802775	229.6211548
463	1370.71068	226.9624939
463	1468.618586	226.1104736
463	1566.526492	226.2265167
463	2153.973926	226.3592072
463	4797.487381	233.7566376
464	0	173.2687683
464	0.110467647	173.2687683
464	0.220935294	173.2687683
464	0.33140294	173.2687683
464	0.441870587	173.2687683
464	2.430288229	173.2687683
464	2.540755876	173.2687683
464	5.412914692	173.2687683
465	0	224.4414673
465	2047.010661	206.7989807
465	2107.216857	205.7562103
465	2167.423053	205.9080811
465	2227.629248	203.3470306
465	2287.835444	205.4740906
465	2348.04164	210.2901459
465	2950.103599	225.9937134
468	0	224.0394897
468	2268.792889	208.5959473
468	2356.054154	208.5466766
468	2443.315419	204.5123138
468	2530.576684	210.9586334
468	2617.837949	218.6232452
468	2705.099214	218.7323303
468	4275.801983	228.6531372
474	0	190.4711151
474	61.53064723	186.7773895
474	92.29597084	177.9743347
474	123.0612945	173.7299957
474	153.8266181	175.3300018
474	184.5919417	174.9481201
474	215.3572653	175.0993652
474	1507.500857	196.0852203
475	0	190.9834747
475	403.054847	175.2642212
475	443.3603317	175.2626343
475	483.6658164	175.1399994
475	523.9713011	173.7400055
475	564.2767858	184.0164032
475	604.5822705	191.0230713
475	1974.96875	198.2029724
476	0	228.0972137
476	29.29691174	228.6249237
476	58.59382348	228.3218689
476	87.89073522	228.2069244
476	117.187647	228.2214813
476	146.4845587	228.0214691
476	175.7814704	226.7067261
476	1435.548675	231.2189026
477	0	190.1650696
477	204.2483664	176.8173523
477	381.2636173	173.8099976
477	408.4967328	173.8099976
477	476.5795217	178.8617706
477	490.1960794	180.7537994
477	503.8126372	185.7537994
477	667.2113303	193.8726044
478	0	176.2200012
478	12.26563154	177.1499939
478	24.53126307	177.2709198
478	36.79689461	176.8709106
478	49.06252614	176.8709106
478	85.85942075	177.568161
478	98.12505228	177.1681671
478	601.0159452	194.7051544
479	0	197.6429596
479	585.826967	194.9584656
479	599.4508499	194.7584686
479	613.0747329	194.228714
479	626.6986158	193.7007446
479	640.3224988	190.5007477
479	653.9463817	190.4957886
479	667.5702647	191.2957916
481	0	196.9941711
481	429.5612802	196.0819702
481	477.2903113	185.3048096
481	525.0193424	186.1878357
481	572.7483736	186.0036316
481	620.4774047	185.8307037
481	668.2064358	186.1073456
481	2338.722525	202.1421204
483	0	173.1600037
483	0.144301547	173.1600037
483	0.288603095	173.1600037
483	0.432904642	173.1600037
483	0.57720619	173.1600037
483	5.339157256	173.1600037
483	5.483458804	173.1600037
483	7.070775826	173.1600037
486	0	224.4219666
486	2089.92123	214.0652924
486	2144.919157	211.3221893
486	2199.917084	209.5145569
486	2254.915012	210.3425446
486	2309.912939	217.8879089
486	2364.910866	220.2566833
486	2694.898428	241.1038818
489	0	186.5028534
489	0.189182884	186.664444
489	0.378365769	186.664444
489	0.567548653	186.664444
489	0.756731537	186.664444
489	2.459377496	186.664444
489	2.64856038	186.664444
489	9.269961331	186.664444
494	0	192.0024567
494	100.7559881	182.8253021
494	118.5364566	178.6253052
494	154.0973936	169.6199951
494	171.8778621	169.6199951
494	177.804685	169.6199951
494	213.365622	175.6199951
494	290.4143188	192.2236023
500	0	203.2081604
500	22.91716756	200.0081635
500	45.83433512	196.0620117
500	137.5030053	191.8045654
500	160.4201729	191.6045685
500	229.1716756	194.9388733
500	275.0060107	197.422348
500	1122.94121	207.4917755
502	0	183.5262756
502	162.3599241	179.5810242
502	198.4399073	179.0351715
502	216.4798989	177.2351685
502	234.5198904	178.2108459
502	306.6798567	179.6392822
502	324.7198483	181.8392944
502	883.959587	188.5372162
503	0	201.6052094
503	79.16824915	197.0758667
503	98.96031144	193.4397888
503	118.7523737	192.7906189
503	138.544436	193.1906128
503	178.1285606	196.6287537
503	197.9206229	199.6038055
503	969.8110521	202.7303467
506	0	173.3600006
506	0.110467647	173.3600006
506	0.220935294	173.3600006
506	0.33140294	173.3600006
506	0.441870587	173.3600006
506	2.430288229	173.3600006
506	2.540755875	173.3600006
506	5.412914691	173.3600006
510	0	184.4033661
510	7.915719877	182.2033691
510	14.24829578	180.5881653
510	22.16401566	177.9881592
510	50.66060721	173.8964539
510	55.41003914	173.8964539
510	56.99318312	173.8964539
510	77.5740548	174.7166901
512	0	217.5384979
512	723.1824658	215.8463287
512	756.0543961	210.0744629
512	788.9263264	199.6347504
512	821.7982566	203.6901245
512	854.6701869	212.1407318
512	887.5421172	213.0636749
512	1610.724583	213.6089478
514	0	224.9786987
514	728.3017224	219.596344
514	773.82058	217.4009094
514	819.3394377	215.1907349
514	864.8582953	215.4511566
514	910.377153	221.3738403
514	955.8960106	223.2232666
514	2230.424025	224.4518433
515	0	240.6772919
515	2424.055937	231.5644531
515	2529.449673	231.6278076
515	2634.843409	227.885437
515	2740.237146	231.0488434
515	2845.630882	231.681778
515	2951.024619	233.3929291
515	5164.293083	234.2828217
519	0	225.0112152
519	269.9368884	217.2461853
519	298.3512977	211.0718689
519	312.5585023	207.3431244
519	326.765707	202.3431244
519	340.9729116	199.1431274
519	355.1801163	207.6403809
519	696.1530279	224.9640503
521	0	218.4994354
521	0.3061332	218.4994354
521	0.612266399	218.4994354
521	0.918399599	218.4994354
521	10.10239558	218.6994324
521	12.24532798	218.6994324
521	12.55146118	218.6994324
521	15.00052678	218.6994324
525	0	232.4852905
525	336.8577697	227.5227356
525	349.3339834	221.4835815
525	361.8101971	221.8835907
525	374.2864108	221.589859
525	386.7626245	222.589859
525	399.2388382	223.1335449
525	611.334471	227.6390991
531	0	236.4483337
531	181.4767414	232.024231
531	199.6244155	227.824234
531	217.7720896	223.6784668
531	235.9197638	224.2960815
531	254.0674379	227.6960754
531	272.215112	231.1614532
531	871.0883585	236.6669617
532	0	217.357254
532	813.7020443	218.591095
532	858.9077134	217.9938049
532	904.1133826	208.1490479
532	949.3190517	204.3825073
532	994.5247208	212.190979
532	1039.73039	217.6680145
532	2215.077787	226.5292053
540	0	182.1087952
540	92.07376765	177.7299957
540	96.25893891	177.7299957
540	117.1847952	184.0389404
540	138.1106515	194.4389343
540	150.6661652	198.4389343
540	159.0365078	201.0013885
540	205.0733916	202.6013947
546	0	234.6447144
546	2575.702696	192.9710541
546	2635.602759	191.8813782
546	2695.502822	197.5200195
546	2755.402884	197.5785522
546	2815.302947	187.6192627
546	2875.20301	185.8845215
546	2935.103073	186.4600067
549	0	206.7107086
549	37.81085742	205.1404114
549	75.62171484	205.0804901
549	113.4325723	205.4004669
549	151.2434297	205.9091797
549	189.0542871	204.751297
549	226.8651445	198.7520294
549	1852.732014	219.2224274
550	0	205.2374573
550	38.24380617	188.6398468
550	76.48761234	185.2799988
550	114.7314185	185.3375244
550	152.9752247	184.7539673
550	191.2190309	184.7805634
550	229.462837	185.2201996
550	1873.946502	217.4151001
551	0	186.5099945
551	12.55082182	185.1100006
551	16.73442909	185.1100006
551	20.91803636	185.1100006
551	33.46885818	186.1100006
551	50.20328727	189.8743439
551	58.57050181	191.0743408
551	204.9967563	204.3461304
552	0	217.1780396
552	1605.892957	186.5567932
552	1643.239305	186.01651
552	1680.585653	185.7805634
552	1717.932001	185.9650574
552	1755.278349	186.2009583
552	1792.624697	186.4100037
552	1829.971044	186.2582397
553	0	187.8999939
553	7.793077513	186.8999939
553	15.58615503	186.5
553	25.97692504	186.5
553	28.57461755	186.6690063
553	33.77000256	187.6690063
553	114.2984702	187.5329437
553	127.2869327	187.5329437
557	0	195.9090729
557	91.87512704	192.7068481
557	100.2274113	189.5793152
557	108.5796956	186.5793152
557	158.6934013	181.9816132
557	167.0456855	182.3816071
557	283.9776654	195.0576324
557	409.2619296	223.8184204
565	0	220.4195557
565	337.1375226	210.3167877
565	361.2187742	199.149231
565	385.3000259	199.2709808
565	409.3812775	199.8709869
565	433.4625291	202.1086884
565	457.5437807	211.4598236
565	1179.981329	221.3481445
568	0	224.6128693
568	67.73699266	223.4082642
568	135.4739853	226.7886963
568	203.210978	228.483078
568	270.9479706	229.0461578
568	338.6849633	228.703125
568	406.421956	228.7549438
568	3251.375648	233.176651
569	0	229.7780762
569	606.6175552	226.5997925
569	682.4447496	225.4250793
569	758.271944	216.0905151
569	834.0991384	216.5825043
569	909.9263328	226.2678528
569	985.7535272	226.132019
569	3639.705331	233.9988861
570	0	229.9051056
570	411.1151088	227.8887787
570	469.8458386	228.4000092
570	528.5765684	217.8000031
570	587.3072982	217.8000031
570	646.038028	219.0604553
570	704.7687579	225.2936249
570	2877.805761	232.5827484
572	0	211.7338409
572	17.90626645	211.7814331
572	35.81253289	212.5814362
572	53.71879934	211.9860992
572	71.62506578	212.9860992
572	89.53133223	212.5861053
572	161.156398	212.6079254
572	877.4070558	230.0186768
573	0	212.42276
573	0.3061332	212.42276
573	0.612266399	212.42276
573	5.204264392	212.0227509
573	10.10239558	211.381424
573	12.24532798	211.381424
573	12.55146118	211.381424
573	15.00052678	211.381424
579	0	222.3242798
579	818.5584766	215.7868652
579	857.5374516	215.4055786
579	877.0269392	212.2055817
579	896.5164267	212.1300659
579	916.0059142	212.9135284
579	935.4954018	216.7135315
579	954.9848893	217.7051392
580	0	217.8218536
580	137.9570008	215.7724762
580	172.446251	215.4930573
580	206.9355012	212.9297333
580	241.4247514	212.4158173
580	275.9140016	212.9619598
580	310.4032518	217.4013519
580	1689.97326	221.2971039
581	0	222.8280029
581	1322.962659	218.9305267
581	1389.110791	219.5240936
581	1455.258924	215.8058167
581	1521.407057	215.3200684
581	1587.55519	219.8475189
581	1653.703323	220.2159271
581	3241.258513	228.7839508
582	0	223.9706879
582	1732.231951	220.9209595
582	1780.349506	219.621048
582	1828.46706	217.8338013
582	1876.584614	217.4620667
582	1924.702168	219.9224854
582	1972.819722	220.9356079
582	2357.760156	223.9715881
587	0	215.2700958
587	12.98713927	214.9599915
587	21.64523212	214.5599976
587	27.41729402	213.1599884
587	28.86030949	212.7599945
587	54.83458804	212.7599945
587	56.27760351	212.7599945
587	70.70775826	212.7599945
588	0	186.6799927
588	144.4875097	190.6632996
588	216.7312645	188.8765259
588	361.2187742	188.1733093
588	433.4625291	189.4662476
588	650.1937936	189.9551697
588	794.6813033	192.9701233
588	3539.943988	224.7586365
589	0	224.1306915
589	581.5214109	225.0563812
589	595.7048599	222.5466614
589	609.888309	221.5466614
589	652.4386561	219.0664368
589	666.6221051	218.4385223
589	680.8055542	217.8385162
589	694.9890032	217.4729767
590	0	215.6747894
590	126.604488	212.3209076
590	148.9464564	204.9892273
590	156.3937792	204.5892334
590	163.8411021	203.9892273
590	186.1830705	205.688324
590	201.0777162	210.6877441
590	364.9188182	215.9392242
591	0	212.5132294
591	122.7738891	205.6750641
591	163.6985188	205.1713867
591	204.6231485	195.8403015
591	245.5477782	196.1963654
591	286.4724078	208.5781708
591	327.3970375	208.4648438
591	2005.306855	221.611969
592	0	186.1831512
592	0.865897499	185.7831421
592	7.793077487	186.1410217
592	14.72025748	186.5410156
592	21.64743746	185.482254
592	38.09948994	185.2822571
592	38.96538744	185.2822571
592	42.42897743	185.2822571
596	0	219.9588928
596	31.12195654	217.8536682
596	37.34634785	218.0536652
596	161.834174	218.9322968
596	205.4049132	218.4058075
596	255.2000436	217.2200928
596	286.3220002	216.2198181
596	304.9951741	216.327774
597	0	215.4551239
597	136.018256	215.1859589
597	139.1814712	215.1859589
597	142.3446865	214.9859619
597	145.5079017	215.0607147
597	148.671117	215.0607147
597	151.8343322	215.0607147
597	154.9975475	215.0607147
598	0	213.6322784
598	1.074201626	213.6322784
598	2.148403252	213.6322784
598	3.222604878	213.4322662
598	8.593613009	213.6322784
598	39.74546017	213.896637
598	47.26487155	214.0966339
598	52.63587968	214.0966339
600	0	185.7535553
600	6.122352106	185.5535583
600	12.24470421	185.5535583
600	14.28548825	185.5535583
600	20.40784035	185.7535553
600	36.73411264	185.9911346
600	81.63136141	186.2555695
600	99.99841773	186.4871826
602	0	219.754303
602	591.4462526	220.6755219
602	633.6924135	219.4153748
602	675.9385744	218.7435455
602	718.1847353	218.0684509
602	760.4308962	218.5703278
602	802.6770571	218.8473358
602	2070.061884	217.1819611
603	0	220.350296
603	403.0610936	216.7524719
603	460.6412498	213.8551941
603	518.2214061	200.1917267
603	575.8015623	210.9045105
603	633.3817185	212.5720978
603	690.9618748	215.6196442
603	2821.427655	224.2584229
609	0	177.7100067
609	42.55034714	178.5489044
609	85.10069427	179.7003784
609	127.6510414	179.8544769
609	170.2013885	180.9787292
609	212.7517357	182.9126282
609	255.3020828	183.9913025
609	2084.96701	204.7588806
610	0	211.3877106
610	1302.836528	177.2200012
610	1349.366404	177.2099915
610	1395.89628	177.4268494
610	1442.426156	177.2744598
610	1488.956032	180.1161957
610	1535.485908	179.0605621
610	2279.963924	202.984375
611	0	202.1982727
611	741.5188792	177.1269684
611	798.558793	177.3420868
611	855.5987068	177.252121
611	912.6386206	177.2502441
611	969.6785344	177.633194
611	1026.718448	185.3001556
611	2794.955776	204.9185028
612	0	209.6604004
612	2992.397438	180.4617767
612	3095.583556	177.3001404
612	3198.769675	177.6299896
612	3301.955793	179.3117218
612	3405.141912	192.0885162
612	3508.32803	192.9029694
612	5056.119808	207.0794373
613	0	197.7949982
613	884.1898608	182.6930237
613	914.6791663	179.9932404
613	945.1684719	177.9365997
613	975.6577774	177.9559326
613	1006.147083	177.9921112
613	1036.636389	178.2142334
613	1493.975972	183.6482391
614	0	178.3445129
614	17.85686031	178.3445129
614	35.71372062	178.7429962
614	53.57058093	179.5429993
614	71.42744124	182.9627228
614	89.28430154	182.9627228
614	107.1411619	183.2212677
614	874.9861551	202.6512909
615	0	179.2599945
615	0.2886325	179.2599945
615	4.329487507	179.4599915
615	7.215812512	179.2402496
615	11.25666752	178.6402435
615	12.41119752	178.6402435
615	12.69983002	178.6402435
615	13.85436002	178.6402435
616	0	179.0899963
616	7.539402856	178.6900024
616	10.05253714	178.6900024
616	40.21014857	181.9150085
616	57.80208856	185.7150116
616	67.8546257	189.0518188
616	72.88089427	191.0518188
616	123.14358	195.6461029
617	0	202.2100983
617	583.8477691	180.940918
617	609.2324547	180.26474
617	634.6171403	179.4499969
617	660.0018259	180.25
617	685.3865115	180.1917877
617	812.3099396	184.6584778
617	1243.849595	189.9318695
618	0	204.3867645
618	40.7136415	204.5531616
618	81.42728301	204.9899902
618	122.1409245	204.6493378
618	162.854566	204.3085938
618	203.5682075	204.9151459
618	244.281849	205.4610138
618	1954.254792	215.5793152
619	0	180.7799835
619	0.721581249	180.7799835
619	14.43162497	179.7799835
619	15.15320622	179.75
619	20.92585621	179.75
619	21.64743746	179.75
619	28.86324994	180.6925201
619	35.35748118	180.4925232
620	0	181.4489594
620	14.48956665	181.4489594
620	28.9791333	181.1980438
620	43.46869995	181.1980438
620	57.9582666	181.0102997
620	72.44783325	182.6103058
620	86.9373999	187.8990936
620	709.9887659	198.2503204
621	0	182.3999939
621	8.718673712	181.1999969
621	17.43734742	181.1999969
621	26.15602114	182.3999939
621	34.87469485	182
621	43.59336856	182.1999969
621	113.3427583	182.5356903
621	427.2150119	199.7053375
622	0	205.2001648
622	656.8277147	184.4397888
622	674.1126545	182.6838379
622	691.3975944	182.0838318
622	743.252414	182.5499878
622	760.5373538	181.5
622	795.1072335	181.5
622	846.9620531	182.6999969
627	0	196.6097565
627	62.75410909	190.4752045
627	75.3049309	185.4752045
627	87.85575272	181.4752045
627	112.9573964	176.1000061
627	125.5082182	174.5
627	138.05904	174.6999969
627	614.990269	198.672287
628	0	199.9447937
628	578.959613	177.6900024
628	602.1179975	175.4900055
628	625.276382	177.4900055
628	648.4347666	178.7438812
628	671.5931511	182.1178131
628	694.7515356	190.3093414
628	1134.760841	211.2524414
629	0	210.927536
629	188.6751571	177.9700012
629	196.5366219	175.1699982
629	204.3980868	175.1699982
629	212.2595517	178.3732605
629	259.428341	190.0142822
629	290.8742005	200.583725
629	385.211779	207.8136597
630	0	212.2007446
630	798.5994731	176.8099976
630	817.1715539	178.4335175
630	835.7436347	178.6335144
630	854.3157154	179.2682495
630	872.8877962	178.8682556
630	891.459877	175.8699951
630	910.0319577	176.2010956
631	0	216.1843109
631	1354.700743	192.1456451
631	1395.752281	181.528717
631	1436.803818	180.8365173
631	1601.009969	181.1499939
631	1642.061507	184.9017944
631	1683.113044	198.2074432
631	2011.525346	213.7126312
632	0	184.0299988
632	19.908656	183.0299988
632	29.86298401	183.0399933
632	99.54328002	191.473526
632	109.497608	194.473526
632	139.360592	188.8587036
632	159.269248	193.8247375
632	487.7620721	205.1971741
633	0	178.0662231
633	4.473803741	177.8662262
633	40.26423367	177.7758942
633	44.73803741	177.7758942
633	49.21184115	177.7758942
633	62.63325237	178.1820221
633	67.10705611	177.7820282
633	219.2163833	179.3100128
634	0	181.0250549
634	3.534964696	181.2250671
634	7.069929393	181.0250549
634	10.60489409	181.1548767
634	14.13985879	181.1548767
634	17.67482348	180.3548737
634	21.20978818	181.3548737
634	173.2132701	187.5323639
635	0	180.7228851
635	14.59234918	180.7228851
635	29.18469835	180.9398804
635	43.77704753	181.5398865
635	58.36939671	182.2149811
635	72.96174588	184.0149689
635	87.55409506	185.3314514
635	715.0251097	202.2941742
636	0	200.2664948
636	62.04966541	199.0406952
636	63.49268089	199.0406952
636	64.93569636	199.0406952
636	66.37871184	199.0406952
636	67.82172731	199.0406952
636	69.26474279	199.0406952
636	70.70775826	199.0406952
637	0	210.8052368
637	1347.459288	196.1078186
637	1422.318137	194.8010406
637	1497.176986	185.574295
637	1572.035836	197.8319702
637	1646.894685	198.7303467
637	1721.753534	198.7597198
637	3668.083617	210.3143311
638	0	207.4142914
638	1200.411906	199.3854828
638	1286.155614	191.7541046
638	1371.899321	187.3024445
638	1457.643029	192.3656158
638	1543.386736	197.4764862
638	1629.130444	199.3168335
638	4201.441671	215.2546692
639	0	207.6388397
639	1463.944037	200.6968231
639	1555.440539	199.1182861
639	1646.937042	197.5138092
639	1738.433544	187.4684296
639	1829.930046	188.3042145
639	1921.426549	188.0239563
639	4483.328613	212.8575439
640	0	209.593277
640	1530.551999	194.2153015
640	1626.211499	188.9932556
640	1721.870999	187.954483
640	1817.530499	188.6207428
640	1913.189999	198.9746857
640	2008.849499	189.9934998
640	4687.315497	212.6576996
642	0	195.8254089
642	13.85435997	192.425415
642	76.19897984	188.6533508
642	83.12615983	188.8533478
642	131.6164197	191.3599548
642	166.2523197	194.6790619
642	173.1794996	198.1853638
642	339.4318193	203.5774536
643	0	207.0436096
643	135.1878651	197.5252075
643	148.7066516	192.2451935
643	223.0599774	190.874176
643	229.8193707	190.4741821
643	297.4133032	193.2670898
643	310.9320897	197.3514404
643	331.2102695	202.8009338
644	0	212.2763672
644	642.8469711	202.7258453
644	660.7038314	198.7258453
644	732.1312727	202.4564362
644	749.988133	200.3621521
644	767.8449933	195.3621521
644	857.1292948	202.3722992
644	874.9861551	206.152832
645	0	200.9502716
645	0.110412621	200.9502716
645	0.220825243	200.9502716
645	0.331237864	200.9502716
645	0.441650486	200.9502716
645	2.429077671	200.9502716
645	2.539490293	200.9502716
645	5.41021845	200.9502716
646	0	207.720871
646	532.1483132	204.2387085
646	546.1522162	202.8386993
646	560.1561192	204.1051483
646	574.1600222	204.1798706
646	630.1756341	204.7649078
646	644.1795371	205.164917
646	686.191246	205.0638733
647	0	209.8447113
647	58.80934243	208.7685242
647	78.41245657	208.8960114
647	98.01557072	209.6960144
647	450.8716253	210.5405731
647	470.4747394	209.3695374
647	588.0934243	208.6840057
647	940.9494789	210.1051483
648	0	209.9758759
648	413.2587671	209.4039001
648	482.1352283	209.5450287
648	495.9105206	209.6305084
648	523.4611051	209.2305145
648	551.0116895	209.5954437
648	564.7869818	209.0534058
648	674.9893197	209.1587219
650	0	188.9009552
650	93.05975201	181.8450317
650	100.8147313	178.8450317
650	186.119504	179.6081848
650	193.8744834	179.6081848
650	255.914318	181.1093445
650	271.4242767	182.337326
650	379.9939874	187.2563324
651	0	173.1600037
651	0.059772734	173.1600037
651	0.119545468	173.1600037
651	0.179318202	173.1600037
651	0.239090936	173.1600037
651	1.195454681	173.1600037
651	1.255227415	173.1600037
651	2.928863969	173.1600037
652	0	189.4324341
652	242.4394246	184.7299805
652	315.171252	184.3905029
652	363.6591369	193.5557556
652	436.3909643	187.0577087
652	460.6349068	183.7522736
652	872.7819287	188.2011566
652	1187.953181	182.7080078
655	0	203.9592285
655	1048.656877	192.1689453
655	1073.044246	189.7689514
655	1097.431615	188.4306793
655	1121.818984	187.7019196
655	1146.206353	185.8661499
655	1170.593723	185.0661469
655	1194.981092	185.1090851
656	0	202.4382324
656	1183.130028	187.8113556
656	1468.713138	186.9903717
656	1509.510725	195.4295197
656	1631.903487	193.8369904
656	1672.701074	185.5821838
656	1754.296248	186.0694122
656	1999.081771	185.1090851
662	0	174.9377594
662	142.8730872	173.4531403
662	181.8384746	173.8803558
662	194.8269371	174.1794891
662	233.7923245	173.841507
662	545.5154239	174.7095184
662	558.5038864	174.0232544
662	636.4346612	174.0249481
214	0	201.0752106
214	377.5313106	200.5269318
214	755.0626212	196.8699951
214	849.4454489	199.0405121
214	1038.211104	198.1399994
214	1132.593932	198.0579834
214	1321.359587	203.6976166
214	4624.758555	216.7912903
390	0	204.8590851
390	93.51693015	196.1399994
390	116.8961627	197.5399933
390	140.2753952	197.4956055
390	397.4469532	201.4081879
390	607.860046	201.9555664
390	654.6185111	203.3101807
390	1145.582394	204.9697723
227	0	198.3509216
227	1166.571006	184.5070648
227	1201.921643	182.8699951
227	1343.324189	183.2399902
227	1414.025462	184.8085938
227	1590.778645	182.0499878
227	1661.479918	186.3280334
227	1732.181191	188.3591003
239	0	177.6835327
239	25.7865826	176.7185059
239	30.08434637	176.1184998
239	36.53099202	175.9185028
239	38.67987391	175.9185028
239	51.57316521	176.5185089
239	75.21086593	177.6020813
239	105.2952123	177.4532013
11	0	224.0467987
11	1323.070162	219.57341
11	1386.073503	212.9868927
11	1449.076844	203.3831787
11	1512.080185	203.5028076
11	1575.083526	202.9974365
11	1638.086867	206.2069702
11	3087.163711	225.7199097
14	0	218.5491333
14	884.8071061	196.4367523
14	910.0873091	198.8470001
14	985.9279182	198.408371
14	1011.208121	194.1365967
14	1036.488324	194.1794434
14	1087.04873	197.1770325
14	1238.729948	202.3466797
16	0	226.1071777
16	978.7810152	187.4600067
16	1223.476269	191.7447815
16	1284.650082	187.2076416
16	1345.823896	183.3937378
16	1406.997709	186.3980713
16	1468.171523	185.8799896
16	2997.516859	227.8110352
17	0	231.346283
17	1019.288638	185.5298615
17	1047.602211	188.6247864
17	1075.915784	187.838089
17	1104.229357	188.2646637
17	1132.542931	188.5556793
17	1160.856504	189.1937714
17	1387.36509	222.1689148
18	0	227.2593536
18	375.4461448	191.237854
18	443.7090802	184.9100037
18	460.774814	185.9100037
18	477.8405479	187.3141785
18	529.0377494	190.1906128
18	546.1034833	198.7181091
18	836.2209588	224.776123
19	0	179.7966309
19	653.6109656	174.4700012
19	674.6951903	174.7599945
19	780.1163138	174.5700073
19	885.5374373	174.6000061
19	990.9585608	174.9664154
19	1012.042785	174.7550507
19	1033.12701	174.9550476
21	0	178.2591248
21	585.6445232	174.9900055
21	606.560399	174.1900024
21	648.3921507	174.8899994
21	669.3080265	174.4899902
21	690.2239024	174.2899933
21	711.1397782	174.4899902
21	1024.877916	176.5160065
23	0	220.691803
23	35.22153637	221.8813019
23	152.6266576	220.5552979
23	176.1076818	218.7552948
23	316.9938273	219.2516174
23	410.9179243	223.1180115
23	528.3230455	222.1018829
23	575.285094	221.8457336
24	0	220.2559357
24	308.5665461	213.3809662
24	342.8517179	215.9303894
24	377.1368897	216.493103
24	1097.125497	222.3249664
24	1131.410669	220.0254364
24	1165.695841	222.1307983
24	1679.973418	227.018158
25	0	230.8248901
25	553.753586	226.6855774
25	604.0948211	225.0236206
25	620.8752328	225.2236176
25	637.6556445	225.5538177
25	654.4360562	226.1538239
25	687.9968796	227.1443024
25	805.4597615	227.038559
26	0	226.811264
26	396.4424934	225.3305054
26	428.5864793	225.6056213
26	450.0158033	225.285141
26	482.1597892	225.3130035
26	492.8744512	225.5130005
26	503.5891132	225.6444092
26	525.0184372	225.637207
30	0	223.3133087
30	185.508775	219.9873199
30	222.61053	220.3534393
30	259.712285	219.877121
30	296.81404	220.3117981
30	333.915795	221.4897156
30	371.0175501	221.1164856
30	1817.985995	232.8517609
31	0	236.3421631
31	1898.913214	233.5669861
31	1943.073986	234.3721466
31	1987.234758	233.5199738
31	2031.395531	233.4183044
31	2075.556303	233.3630829
31	2119.717076	232.9205017
31	2163.877848	233.1144257
33	0	214.5276337
33	452.8986587	194.9820862
33	513.2851465	189.2880859
33	543.4783904	187.088089
33	573.6716343	185.78479
33	603.8648782	195.710495
33	634.0581221	204.6881256
33	1479.468952	210.7987518
32	0	208.2589874
32	92.37871648	203.6520233
32	123.171622	196.1622314
32	153.9645275	196.3200073
32	215.5503385	196.4165802
32	246.3432439	195.2797546
32	277.1361494	196.3178711
32	1508.852369	225.949234
45	0	196.5456696
45	32.34610665	195.5299988
45	48.51915997	195.3299866
45	64.69221329	194.3299866
45	80.86526662	193.9199982
45	97.03831994	195.3199921
45	226.4227465	195.5166016
45	792.4796128	208.4093781
46	0	213.657959
46	151.4039487	204.364212
46	170.3294422	199.0879364
46	189.2549358	197.0455322
46	208.1804294	199.8455353
46	227.105923	207.4827271
46	246.0314166	211.8827362
46	927.3491855	200.6207123
62	0	210.9005737
62	108.8033668	195.7890778
62	117.1728565	194.3499908
62	175.7592848	193.8384399
62	326.4101004	193.504425
62	334.7795901	193.504425
62	343.1490799	194.1044312
62	410.1049979	194.0800018
63	0	221.8527222
63	55.9635927	221.4075317
63	74.61812359	214.3304138
63	93.27265449	209.0628662
63	111.9271854	205.7685089
63	130.5817163	204.568512
63	279.8179635	205.0380096
63	895.4174831	230.0752563
66	0	200.3883667
66	25.19914282	199.2055511
66	31.49892852	199.0055542
66	62.99785704	208.8554535
66	81.89721416	205.0554504
66	107.096357	214.0016785
66	119.6959284	221.0016785
66	308.6894995	232.598053
71	0	207.3119202
71	3.571372062	207.3119202
71	7.142744124	207.7119141
71	42.85646474	212.9504852
71	60.71332505	217.9504852
71	67.85606917	219.9504852
71	71.42744124	223.9666595
71	174.997231	233.2371674
72	0	234.1712189
72	16.45205247	234.3712158
72	32.90410493	234.3044739
72	49.3561574	233.9867401
72	65.80820986	234.1867371
72	82.26026233	234.3076172
72	98.7123148	234.5300446
72	806.1505708	235.0861969
64	0	238.1555939
64	899.7481603	228.5105438
64	924.0656781	223.7736053
64	948.383196	223.6107788
64	972.7007138	223.3723145
64	1021.33575	230.3471832
64	1045.653267	230.9471893
64	1191.558374	236.880249
74	0	214.948822
74	719.7761188	216.2367554
74	736.5150983	216.2367554
74	753.2540778	216.3489685
74	769.9930573	216.385788
74	786.7320368	216.185791
74	803.4710163	216.25177
74	820.2099958	216.25177
77	0	200.8000031
77	6.549470421	199.8000031
77	8.186838026	199.8000031
77	9.824205632	199.8000031
77	16.37367605	200.2437439
77	27.83524929	200.4437561
77	32.74735211	200.6925659
77	80.23101266	201.5522003
78	0	204.3012695
78	1520.363985	199.8060303
78	3125.192636	206.7665405
78	3209.657302	200.8114929
78	3294.121968	199.0194855
78	3463.051299	199.2310181
78	4054.30396	200.3197937
78	4138.768626	201.619751
82	0	205.6576233
82	901.7315712	199.7805786
82	953.2590896	199.2379913
82	979.0228488	199.8162384
82	1004.786608	200.8286438
82	1030.550367	201.3477631
82	1056.314126	202.2160034
82	1262.4242	203.7655334
83	0	199.6080627
83	44.06354229	200.394516
83	110.1588557	199.6467133
83	264.3812538	200.4387665
83	286.4130249	204.0387573
83	308.4447961	203.0299988
83	396.5718806	205.0299988
83	1079.556786	213.8210449
84	0	199.0080566
84	23.99121712	196.8880768
84	27.9897533	196.6880798
84	71.97365135	199.4692841
84	83.96925991	201.2692871
84	91.96633228	202.7612152
84	107.960477	205.3772125
84	195.9282731	206.3692474
85	0	218.9365845
85	817.9462413	213.5804901
85	869.0678814	209.4340515
85	920.1895215	208.0154266
85	971.3111616	208.0070496
85	1022.432802	208.4972839
85	1073.554442	208.70755
85	2504.960364	226.2248383
86	0	211.2122803
86	25.53349634	208.0613556
86	34.04466179	205.2613525
86	42.55582723	205.0613556
86	51.06699268	204.6661835
86	110.6451508	209.6745911
86	119.1563163	212.434906
86	417.0471069	213.2381744
87	0	249.8563995
87	3693.20637	255.1232452
87	3779.09489	254.6455383
87	3864.983411	252.6311646
87	3950.871931	252.6047974
87	4036.760451	252.5552216
87	4122.648971	252.4904785
87	4208.537491	253.3960724
73	0	275.6538086
73	3911.11654	268.604248
73	4016.822393	267.9942932
73	4122.528245	267.5772705
73	4228.234097	267.9648438
73	4756.76336	268.5380249
73	4862.469212	267.9013672
73	5179.586769	269.0237122
76	0	268.319519
76	31.6052588	268.1806335
76	63.2105176	268.1893005
76	94.81577641	268.2363586
76	126.4210352	267.9906616
76	158.026294	267.8417053
76	189.6315528	268.0762634
76	1548.657681	280.6801147
95	0	267.3708191
95	632.550371	251.3925323
95	655.9781625	250.5662384
95	679.405954	251.3502045
95	702.8337455	250.7502136
95	726.261537	250.1513214
95	749.6893285	249.9231415
95	1147.961784	263.8733215
88	0	176.7735291
88	164.6032575	174.1399994
88	170.4819452	174.1399994
88	217.5114474	176.3399963
88	235.1475107	174.913147
88	264.5409495	175.71315
88	270.4196373	179.0406189
88	288.0557006	184.0406189
89	0	226.902359
89	591.0177564	198.0510712
89	656.686396	187.5984192
89	722.3550356	186.4602356
89	788.0236751	183.0394135
89	853.6923147	179.9057617
89	919.3609543	185.4900665
89	3217.76334	228.61026
96	0	241.2234344
96	560.6248739	229.5224915
96	678.6511632	217.8809509
96	708.1577355	215.0172119
96	737.6643078	215.1198273
96	767.1708801	219.3198242
96	796.6774524	226.2757263
96	1445.822043	238.1696472
97	0	241.5270081
97	2271.668855	206.6045074
97	2338.482644	202.9944611
97	2405.296434	201.421875
97	2472.110224	192.8654022
97	2538.924014	191.1080933
97	2605.737804	191.0463104
97	3273.875702	233.5978088
109	0	246.5137177
109	3201.254917	216.4879913
109	3334.640538	217.9903717
109	3468.02616	202.5433502
109	3601.411781	199.4875946
109	3734.797403	226.1000671
109	3868.183024	212.4269562
109	6535.895455	249.1125031
15	0	242.7488251
15	1370.805918	235.4282532
15	1427.922831	235.5902557
15	1485.039744	230.2783661
15	1542.156658	223.8390808
15	1599.273571	226.0463104
15	1656.390484	236.4769745
15	2798.728749	244.5118866
113	0	240.6783905
113	3400.692271	231.0320129
113	3555.269192	217.4387512
113	3709.846114	213.7375183
113	3864.423035	217.3392487
113	4018.999957	214.4901276
113	4173.576878	229.0699768
113	7574.269149	240.8423462
126	0	246.733429
126	202.6185415	246.1253967
126	251.5264652	243.6269073
126	258.5133115	241.8600311
126	272.487004	234.260025
126	293.4475428	234.8167572
126	300.434389	234.2167511
126	342.3554666	235.322403
128	0	244.0933533
128	174.5400173	234.3213959
128	280.7817669	234.2184296
128	288.3704633	233.7267456
128	295.9591598	233.7267456
128	303.5478562	234.5267487
128	364.2574274	235.4346466
128	371.8461238	236.6346436
118	0	274.1924744
118	3051.112031	240.2071838
118	3164.11618	239.6013641
118	3277.12033	239.8600464
118	3503.128628	239.1573334
118	3842.141076	237.9578552
118	3955.145225	238.1973267
118	5537.203316	249.8487701
119	0	253.0280609
119	2466.192303	251.7386627
119	2523.545613	251.02565
119	2580.898922	252.4949493
119	2638.252231	252.0153198
119	2695.605541	251.3596344
119	2752.95885	251.7346649
119	2810.312159	249.9056244
51	0	241.1483765
51	1090.088588	220.4526978
51	1117.340803	209.9346771
51	1144.593017	198.4704437
51	1171.845232	198.0237732
51	1199.097447	198.7709656
51	1253.601876	204.9957581
51	1335.35852	214.33638
53	0	240.8020935
53	1486.277421	231.974762
53	1573.705505	211.1289825
53	1661.133588	206.607193
53	1748.561672	206.2366791
53	1835.989756	214.3787842
53	1923.417839	209.5121155
53	4283.976096	235.9916382
56	0	251.2565765
56	131.0879983	246.7287903
56	163.8599979	246.6837616
56	196.6319974	246.2747955
56	229.403997	246.6330719
56	262.1759966	246.4453125
56	327.7199957	246.3717346
56	1605.827979	254.6755524
48	0	262.1101685
48	52.90276769	262.0904236
48	132.2569192	260.1199951
48	238.0624546	260.3200073
48	264.5138384	260.1199951
48	290.9652223	262.8019714
48	343.86799	263.2980347
48	1296.117808	269.6598511
49	0	271.3421936
49	23.64650733	270.1390381
49	47.29301466	268.2142334
49	70.93952198	268.0142212
49	94.58602931	267.3282166
49	118.2325366	270.5599365
49	141.879044	272.0308228
49	1158.678859	274.3100281
52	0	272.5583191
52	320.1621695	270.9711609
52	346.8423503	269.991333
52	373.5225311	268.2188416
52	400.2027119	267.8654175
52	426.8828927	268.388031
52	453.5630735	270.5599365
52	1307.328859	274.7043457
10	0	260.8936768
10	1897.988778	244.8601837
10	1961.255071	244.3156891
10	2024.521363	244.488266
10	2087.787656	244.7481995
10	2151.053948	244.5051727
10	2214.320241	244.8829803
10	3100.048337	246.6892853
55	0	245.7137909
55	1342.624531	244.0661926
55	1396.329512	235.8869934
55	1450.034493	235.8434906
55	1503.739475	235.7975159
55	1557.444456	235.898407
55	1611.149437	236.0273132
55	2631.544081	244.4832458
57	0	243.9829712
57	274.1490861	239.1021576
57	365.5321148	238.5634766
57	456.9151434	238.5035706
57	548.2981721	238.7889404
57	639.6812008	239.2121887
57	731.0642295	242.6820221
57	4477.768406	251.0567169
34	0	246.2100067
34	231.161341	243.2156372
34	247.6728654	243.5846863
34	264.1843897	243.1846771
34	346.7420115	243.4992676
34	363.2535359	243.2992706
34	396.2765846	243.8411255
34	809.0646935	246.7220917
35	0	252.1090393
35	1020.270054	247.4364777
35	1073.968478	247.4153442
35	1127.666901	247.6087189
35	1181.365325	247.6554718
35	1235.063749	247.8462067
35	1288.762173	248.824646
35	2631.22277	251.701767
36	0	259.6551208
36	476.7613105	251.6904602
36	572.1135726	251.2690125
36	667.4658348	250.6187134
36	762.8180969	251.9688263
36	858.170359	252.6076508
36	953.5226211	251.8187408
36	4672.260843	261.8121338
1	0	242.9695435
1	292.2612993	230.0738831
1	365.3266241	227.729126
1	389.6817324	227.85112
1	414.0368407	229.0252075
1	462.7470572	227.7605591
1	487.1021655	227.4059753
1	1193.400305	234.9153748
2	0	233.4462738
2	930.1317165	229.0447083
2	968.8872047	228.6021423
2	1007.642693	227.4097748
2	1046.398181	226.8866119
2	1085.153669	230.1482849
2	1123.909157	230.0572357
2	1899.018921	235.7641449
3	0	237.7117004
3	512.2069351	236.28302
3	554.8908463	235.6918488
3	597.5747576	236.0778503
3	640.2586688	236.0628357
3	682.9425801	236.208313
3	725.6264914	236.2022247
3	2091.511652	239.9636536
4	0	244.3125458
4	2479.223226	235.7361603
4	2578.392156	235.4121552
4	2677.561085	235.506897
4	2776.730014	234.8691864
4	2875.898943	235.6157227
4	2975.067872	236.2115021
4	4859.277524	237.9558258
39	0	246.5171204
39	1492.758431	237.4958954
39	1586.055833	232.4344482
39	1679.353235	229.1920013
39	1772.650637	230.9877777
39	1865.948039	234.5384064
39	1959.245441	235.417038
39	4571.572695	239.3171387
40	0	234.6299896
40	544.6126233	226.4629669
40	594.1228618	225.2860107
40	643.6331003	220.223114
40	693.1433388	223.6056671
40	742.6535772	223.3729858
40	792.1638157	224.2310333
40	2426.001686	230.8265686
41	0	191.6799927
41	81.68367266	204.3431244
41	245.051018	194.1304321
41	408.4183633	210.4875946
41	571.7857086	197.1722107
41	653.4693813	195.2871857
41	898.5203993	198.8206787
41	3920.816288	233.0489502
28	0	217.3429871
28	26.83631006	223.9310913
28	53.67262013	218.8199463
28	80.50893019	225.0199432
28	107.3452403	225.6966095
28	134.1815503	226.003067
28	161.0178604	227.6784668
28	1314.979193	235.0093231
42	0	228.1991882
42	632.5497116	219.2203217
42	679.4052458	215.7209473
42	726.26078	215.1222534
42	749.6885471	215.3075104
42	796.5440813	216.5684662
42	819.9718484	217.9668274
42	1147.960588	223.047821
27	0	235.1336365
27	174.4206563	220.8991547
27	203.4907656	220.3418884
27	232.560875	220.3687592
27	261.6309844	222.1357574
27	290.7010938	222.6004486
27	348.8413125	223.4402771
27	1424.435359	237.1395416
43	0	196.9593353
43	212.9801102	193.0583649
43	266.2251377	195.528656
43	479.2052479	194.6408539
43	532.4502754	197.0975647
43	798.6754132	195.4329987
43	905.1654683	196.2830505
43	2609.00635	205.4840546
58	0	198.7625885
58	1491.00647	189.3435059
58	1605.699276	189.1316986
58	2064.470497	188.5834961
58	2293.856108	191.6096649
58	2867.320135	187.6144714
58	5505.254659	185.9190979
58	5619.947465	185.341629
65	0	196.4687805
65	1813.7496	186.9219666
65	1896.192764	184.0700073
65	1978.635927	184.7120819
65	2061.079091	184.3757477
65	2143.522254	184.6891479
65	2225.965418	186.6605377
65	4039.715018	199.6718597
69	0	195.0858002
69	1617.388535	187.30513
69	1675.152412	183.0004425
69	1732.916288	182.5890045
69	1790.680164	182.1799927
69	1848.44404	183.0743256
69	1906.207917	184.9320374
69	2830.429937	197.0560303
105	0	209.4876251
105	969.0042472	203.0274506
105	1015.147307	203.2063446
105	1199.719544	202.4342499
105	1292.005663	205.545639
105	2122.580732	200.9306335
105	2168.723791	201.2938232
105	2261.00991	200.8261261
81	0	203.3567505
81	218.6334413	200.8247223
81	262.3601296	201.3733978
81	306.0868179	199.5863037
81	349.8135062	198.8773041
81	393.5401944	198.911499
81	437.2668827	199.2455139
81	2142.607725	210.0162048
106	0	210.9873199
106	38.26664994	211.1042175
106	76.53329988	210.060318
106	114.7999498	211.0183411
106	153.0665998	212.3712769
106	191.3332497	213.3377991
106	229.5998996	213.6219482
106	1875.065847	212.8991699
106	0	208.5817261
106	244.8670006	205.3927155
106	276.8061745	206.8874512
106	287.4525659	205.487442
106	425.8556531	204.256958
106	447.1484358	206.6569519
106	457.7948271	208.0569611
106	521.6731751	209.5938721
79	0	210.425293
79	1057.624997	205.75914
79	1133.169639	203.0899963
79	1208.714282	202.8899994
79	1284.258924	204.8899994
79	1322.031246	206.825531
79	1359.803567	208.461319
79	1813.071423	212.1245422
80	0	203.6016541
80	5.408077694	203.6016541
80	10.81615539	203.6016541
80	16.22423308	203.6016541
80	21.63231077	203.6016541
80	27.04038847	203.6550598
80	32.44846616	203.6550598
80	264.995807	204.7503815
107	0	204.0926971
107	598.5951125	199.7020264
107	734.6394562	197.6159515
107	761.848325	197.9423218
107	816.2660624	198.2127686
107	843.4749312	199.9145508
107	897.8926687	201.6157684
107	1333.234569	204.5764771
75	0	186.6000061
75	11.43312776	186
75	22.86625552	184.6000061
75	26.6772981	184.6000061
75	30.48834069	185
75	38.11042586	186
75	41.92146845	187.2000122
75	186.7410867	190.0637207
108	0	224.7310486
108	397.1699529	223.9842834
108	453.9085176	223.1112976
108	510.6470823	220.3135529
108	567.385647	221.009964
108	624.1242117	223.206604
108	680.8627764	223.6288757
108	2780.18967	226.1239319
120	0	196.0391235
120	386.7765002	189.6422729
120	437.2256089	186.5399933
120	454.0419785	185.3399963
120	487.6747177	185.4199982
120	504.4910872	185.4225159
120	605.3893047	189.9085236
120	824.0021092	217.5102081
121	0	195.1219482
121	1783.188643	178.9827271
121	1830.11466	176.0763397
121	1877.040677	175.4310303
121	1923.966694	176.7299957
121	1970.892711	183.6448975
121	2017.818728	189.7959595
121	2299.374829	191.283371
122	0	246.654129
122	363.9264223	231.6293793
122	415.9159112	228.9600067
122	433.2457409	228.9600067
122	450.5755705	228.9600067
122	485.2352298	230.3830109
122	502.5650594	231.3830109
122	849.1616521	242.1748352
123	0	226.753067
123	63.2508195	226.4651031
123	126.501639	225.7716522
123	189.7524585	226.3126068
123	253.003278	226.3720245
123	316.2540975	226.3440857
123	379.504917	225.2772827
123	3099.290155	225.9709625
124	0	241.7222748
124	1598.02993	229.0200043
124	1674.126593	229.0200043
124	1750.223256	229.0200043
124	1826.31992	229.0200043
124	1902.416583	229.1906433
124	1978.513246	230.4437408
124	3728.736503	253.7557831
125	0	272.0789795
125	518.6081634	261.0535889
125	545.9033299	259.6270447
125	573.1984964	259.854126
125	600.4936629	259.8910522
125	627.7888294	259.6910706
125	655.0839959	259.6592407
125	1337.463158	268.1458435
8	0	244.1400299
8	39.28331558	244.2435303
8	78.56663116	249.2610779
8	117.8499467	249.3061066
8	157.1332623	250.3453522
8	196.4165779	250.6180878
8	235.6998935	250.5869904
8	1924.882464	274.0807495
44	0	200.9487762
44	2192.817097	189.7260895
44	2271.131993	191.4731445
44	2349.446889	186.266983
44	2427.761786	183.3650208
44	2506.076682	194.4700012
44	2584.391578	195.1052246
44	3837.429919	199.7913818
54	0	206.8802643
54	1763.976845	197.1263733
54	1874.225398	196.3139038
54	1984.47395	194.0305481
54	2094.722503	190.6218262
54	2204.971056	194.8188171
54	2315.219609	198.2796478
54	5402.179087	207.2899017
68	0	202.1245575
68	1533.630938	193.19841
68	1588.403472	192.8297577
68	1643.176005	192.6807098
68	1697.948539	192.5956573
68	1752.721072	192.2378998
68	1807.493606	192.4999695
68	2683.854142	201.1123199
127	0	207.6954803
127	2267.515142	186.5523987
127	2322.820389	190.4242554
127	2433.430884	184.9414368
127	2488.736131	185.2853088
127	2599.346626	198.4637299
127	2654.651873	190.9854126
127	2709.95712	185.0477142
129	0	201.5588531
129	2502.958285	199.2758179
129	2567.136702	191.0402222
129	2631.31512	184.7649841
129	2695.493537	184.8946991
129	2759.671955	192.3889771
129	2823.850372	195.1070709
129	3144.74246	198.0286407
130	0	247.1525116
130	20.50987955	246.9524994
130	41.01975911	247.2026062
130	61.52963866	247.3890381
130	82.03951822	247.5890503
130	102.5493978	248.172348
130	123.0592773	248.5723419
130	1004.984098	257.9621582
116	0	254.9857025
116	1113.317506	230.698288
116	1192.840185	229.253418
116	1272.362864	227.007309
116	1351.885543	218.3125763
116	1431.408222	219.4416962
116	1510.930901	227.8386841
116	3896.611272	234.4418945
115	0	240.6717072
115	872.5008124	233.302002
115	907.4008449	233.3812408
115	942.3008774	232.2200165
115	977.2009099	233.0558624
115	1012.100942	234.0601501
115	1047.000975	234.4332275
115	1710.101592	236.1524506
131	0	205.5111389
131	534.9069437	199.249176
131	641.8883324	196.379364
131	659.7185639	193.8459473
131	677.5487953	193.4459381
131	695.3790268	196.0716095
131	713.2092582	199.2716064
131	873.6813413	204.8681488
132	0	231.6115112
132	377.2971147	225.8460541
132	424.459254	219.9047394
132	471.6213933	215.5244446
132	518.7835327	214.0733032
132	565.945672	213.8158569
132	613.1078114	228.7926636
132	2310.944827	231.9861755
29	0	230.6300201
29	1427.020548	229.940033
29	1471.614941	229.050827
29	1516.209333	226.4752502
29	1560.803725	222.8096466
29	1605.398117	223.3132477
29	1649.992509	228.7445679
29	2185.125215	230.6487274
133	0	199.827713
133	342.2394827	195.9682312
133	351.0148541	189.1986389
133	359.7902254	187.7986298
133	377.3409681	187.9986267
133	412.4424535	188.3200073
133	421.2178249	188.3200073
133	429.9931962	188.3200073
134	0	209.1726227
134	140.3038106	206.0556488
134	163.687779	195.6654663
134	187.0717474	194.0654602
134	210.4557158	196.3538513
134	233.8396843	202.3538513
134	280.6076211	206.6354218
134	1145.814453	213.6763763
137	0	193.8907166
137	33.26477978	193.6940765
137	66.52955955	193.3762817
137	99.79433933	193.6650391
137	133.0591191	196.450943
137	166.3238989	199.3488464
137	199.5886787	199.0780945
137	1629.974209	202.109848
